[header]
width=22
height=13
tilewidth=32
tileheight=32
orientation=orthogonal

[tilesets]
tileset=../Documents/Medialogy/MED4/OOSEproject/OOSE2015/res/tilea4.png,32,32,0,0
tileset=../Documents/Medialogy/MED4/OOSEproject/OOSE2015/res/Bomberman01.png,32,32,0,0

[layer]
type=Floor
data=
6,6,6,6,6,6,6,6,6,6,6,6,6,6,6,94,87,94,87,94,87,94,
6,6,6,6,6,6,6,6,6,6,6,6,6,6,6,0,0,0,0,0,0,87,
6,6,6,6,6,6,6,6,6,6,6,6,6,6,6,0,0,0,0,0,0,94,
6,6,6,6,6,6,6,6,6,6,6,6,6,6,6,244,0,0,0,0,0,87,
6,6,6,6,6,6,6,6,6,6,6,6,6,6,6,0,0,0,0,0,0,94,
6,6,6,6,6,6,6,6,6,6,6,6,6,6,6,243,0,0,0,0,0,87,
6,6,6,6,6,6,6,6,6,6,6,6,6,6,6,0,0,0,0,0,0,94,
6,6,6,6,6,6,6,6,6,6,6,6,6,6,6,242,0,0,0,0,0,87,
6,6,6,6,6,6,6,6,6,6,6,6,6,6,6,0,0,0,0,0,0,94,
6,6,6,6,6,6,6,6,6,6,6,6,6,6,6,241,0,0,0,0,0,87,
6,6,6,6,6,6,6,6,6,6,6,6,6,6,6,0,0,0,0,0,0,94,
6,6,6,6,6,6,6,6,6,6,6,6,6,6,6,0,0,0,0,0,0,87,
6,6,6,6,6,6,6,6,6,6,6,6,6,6,6,94,87,94,87,94,87,94

[layer]
type=FireLayer
data=
0,0,0,0,0,0,0,0,0,0,0,0,0,0,0,0,0,0,0,0,0,0,
0,87,87,87,87,87,87,87,87,87,87,87,87,87,0,0,0,0,0,0,0,0,
0,87,0,87,0,87,0,87,0,87,0,87,0,87,0,0,0,0,0,0,0,0,
0,87,87,87,87,87,87,87,87,87,87,87,87,87,0,0,0,0,0,0,0,0,
0,87,0,87,0,87,0,87,0,87,0,87,0,87,0,0,0,0,0,0,0,0,
0,87,87,87,87,87,87,87,87,87,87,87,87,87,0,0,0,0,0,0,0,0,
0,87,0,87,0,87,0,87,0,87,0,87,0,87,0,0,0,0,0,0,0,0,
0,87,87,87,87,87,87,87,87,87,87,87,87,87,0,0,0,0,0,0,0,0,
0,87,0,87,0,87,0,87,0,87,0,87,0,87,0,0,0,0,0,0,0,0,
0,87,87,87,87,87,87,87,87,87,87,87,87,87,0,0,0,0,0,0,0,0,
0,87,0,87,0,87,0,87,0,87,0,87,0,87,0,0,0,0,0,0,0,0,
0,87,87,87,87,87,87,87,87,87,87,87,87,87,0,0,0,0,0,0,0,0,
0,0,0,0,0,0,0,0,0,0,0,0,0,0,0,0,0,0,0,0,0,0

[layer]
type=Player1Layer1
data=
0,0,0,0,0,0,0,0,0,0,0,0,0,0,0,0,0,0,0,0,0,0,
0,241,241,241,241,241,241,241,241,241,241,241,241,241,0,0,0,0,0,0,0,0,
0,241,0,241,0,241,0,241,0,241,0,241,0,241,0,0,0,0,0,0,0,0,
0,241,241,241,241,241,241,241,241,241,241,241,241,241,0,0,0,0,0,0,0,0,
0,241,0,241,0,241,0,241,0,241,0,241,0,241,0,0,0,0,0,0,0,0,
0,241,241,241,241,241,241,241,241,241,241,241,241,241,0,0,0,0,0,0,0,0,
0,241,0,241,0,241,0,241,0,241,0,241,0,241,0,0,0,0,0,0,0,0,
0,241,241,241,241,241,241,241,241,241,241,241,241,241,0,0,0,0,0,0,0,0,
0,241,0,241,0,241,0,241,0,241,0,241,0,241,0,0,0,0,0,0,0,0,
0,241,241,241,241,241,241,241,241,241,241,241,241,241,0,0,0,0,0,0,0,0,
0,241,0,241,0,241,0,241,0,241,0,241,0,241,0,0,0,0,0,0,0,0,
0,241,241,241,241,241,241,241,241,241,241,241,241,241,0,0,0,0,0,0,0,0,
0,0,0,0,0,0,0,0,0,0,0,0,0,0,0,0,0,0,0,0,0,0

[layer]
type=Player1Layer2
data=
0,0,0,0,0,0,0,0,0,0,0,0,0,0,0,0,0,0,0,0,0,0,
0,242,242,242,242,242,242,242,242,242,242,242,242,242,0,0,0,0,0,0,0,0,
0,242,0,242,0,242,0,242,0,242,0,242,0,242,0,0,0,0,0,0,0,0,
0,242,242,242,242,242,242,242,242,242,242,242,242,242,0,0,0,0,0,0,0,0,
0,242,0,242,0,242,0,242,0,242,0,242,0,242,0,0,0,0,0,0,0,0,
0,242,242,242,242,242,242,242,242,242,242,242,242,242,0,0,0,0,0,0,0,0,
0,242,0,242,0,242,0,242,0,242,0,242,0,242,0,0,0,0,0,0,0,0,
0,242,242,242,242,242,242,242,242,242,242,242,242,242,0,0,0,0,0,0,0,0,
0,242,0,242,0,242,0,242,0,242,0,242,0,242,0,0,0,0,0,0,0,0,
0,242,242,242,242,242,242,242,242,242,242,242,242,242,0,0,0,0,0,0,0,0,
0,242,0,242,0,242,0,242,0,242,0,242,0,242,0,0,0,0,0,0,0,0,
0,242,242,242,242,242,242,242,242,242,242,242,242,242,0,0,0,0,0,0,0,0,
0,0,0,0,0,0,0,0,0,0,0,0,0,0,0,0,0,0,0,0,0,0

[layer]
type=Player1Layer3
data=
0,0,0,0,0,0,0,0,0,0,0,0,0,0,0,0,0,0,0,0,0,0,
0,243,243,243,243,243,243,243,243,243,243,243,243,243,0,0,0,0,0,0,0,0,
0,243,0,243,0,243,0,243,0,243,0,243,0,243,0,0,0,0,0,0,0,0,
0,243,243,243,243,243,243,243,243,243,243,243,243,243,0,0,0,0,0,0,0,0,
0,243,0,243,0,243,0,243,0,243,0,243,0,243,0,0,0,0,0,0,0,0,
0,243,243,243,243,243,243,243,243,243,243,243,243,243,0,0,0,0,0,0,0,0,
0,243,0,243,0,243,0,243,0,243,0,243,0,243,0,0,0,0,0,0,0,0,
0,243,243,243,243,243,243,243,243,243,243,243,243,243,0,0,0,0,0,0,0,0,
0,243,0,243,0,243,0,243,0,243,0,243,0,243,0,0,0,0,0,0,0,0,
0,243,243,243,243,243,243,243,243,243,243,243,243,243,0,0,0,0,0,0,0,0,
0,243,0,243,0,243,0,243,0,243,0,243,0,243,0,0,0,0,0,0,0,0,
0,243,243,243,243,243,243,243,243,243,243,243,243,243,0,0,0,0,0,0,0,0,
0,0,0,0,0,0,0,0,0,0,0,0,0,0,0,0,0,0,0,0,0,0

[layer]
type=Player1Layer4
data=
0,0,0,0,0,0,0,0,0,0,0,0,0,0,0,0,0,0,0,0,0,0,
0,244,244,244,244,244,244,244,244,244,244,244,244,244,0,0,0,0,0,0,0,0,
0,244,0,244,0,244,0,244,0,244,0,244,0,244,0,0,0,0,0,0,0,0,
0,244,244,244,244,244,244,244,244,244,244,244,244,244,0,0,0,0,0,0,0,0,
0,244,0,244,0,244,0,244,0,244,0,244,0,244,0,0,0,0,0,0,0,0,
0,244,244,244,244,244,244,244,244,244,244,244,244,244,0,0,0,0,0,0,0,0,
0,244,0,244,0,244,0,244,0,244,0,244,0,244,0,0,0,0,0,0,0,0,
0,244,244,244,244,244,244,244,244,244,244,244,244,244,0,0,0,0,0,0,0,0,
0,244,0,244,0,244,0,244,0,244,0,244,0,244,0,0,0,0,0,0,0,0,
0,244,244,244,244,244,244,244,244,244,244,244,244,244,0,0,0,0,0,0,0,0,
0,244,0,244,0,244,0,244,0,244,0,244,0,244,0,0,0,0,0,0,0,0,
0,244,244,244,244,244,244,244,244,244,244,244,244,244,0,0,0,0,0,0,0,0,
0,0,0,0,0,0,0,0,0,0,0,0,0,0,0,0,0,0,0,0,0,0

[layer]
type=Boxes
data=
0,0,0,0,0,0,0,0,0,0,0,0,0,0,0,0,0,0,0,0,0,0,
0,0,0,94,94,0,94,94,94,0,94,94,0,0,0,0,0,0,0,0,0,0,
0,0,0,94,0,94,0,0,0,94,0,94,0,0,0,0,0,0,0,0,0,0,
0,94,94,94,94,94,94,94,94,94,94,94,94,94,0,0,0,0,0,0,0,0,
0,94,0,94,0,0,0,0,0,0,0,94,0,94,0,0,0,0,0,0,0,0,
0,94,94,94,94,94,94,0,94,94,94,94,94,94,0,0,0,0,0,0,0,0,
0,0,0,0,0,94,0,94,0,94,0,0,0,0,0,0,0,0,0,0,0,0,
0,94,94,94,94,94,94,0,94,94,94,94,94,94,0,0,0,0,0,0,0,0,
0,94,0,94,0,0,0,0,0,0,0,94,0,94,0,0,0,0,0,0,0,0,
0,94,94,94,94,94,94,94,94,94,94,94,94,94,0,0,0,0,0,0,0,0,
0,0,0,94,0,94,0,0,0,94,0,94,0,0,0,0,0,0,0,0,0,0,
0,0,0,94,94,0,94,94,94,0,94,94,0,0,0,0,0,0,0,0,0,0,
0,0,0,0,0,0,0,0,0,0,0,0,0,0,0,0,0,0,0,0,0,0

[layer]
type=Wall
data=
81,81,81,81,81,81,81,81,81,81,81,81,81,81,81,0,0,0,0,0,0,0,
81,0,0,0,0,0,0,0,0,0,0,0,0,0,81,0,0,0,0,0,0,0,
81,0,1,0,1,0,1,0,1,0,1,0,1,0,81,0,0,0,0,0,0,0,
81,0,0,0,0,0,0,0,0,0,0,0,0,0,81,0,0,0,0,0,0,0,
81,0,1,0,1,0,1,0,1,0,1,0,1,0,81,0,0,0,0,0,0,0,
81,0,0,0,0,0,0,0,0,0,0,0,0,0,81,0,0,0,0,0,0,0,
81,0,1,0,1,0,1,0,1,0,1,0,1,0,81,0,0,0,0,0,0,0,
81,0,0,0,0,0,0,0,0,0,0,0,0,0,81,0,0,0,0,0,0,0,
81,0,1,0,1,0,1,0,1,0,1,0,1,0,81,0,0,0,0,0,0,0,
81,0,0,0,0,0,0,0,0,0,0,0,0,0,81,0,0,0,0,0,0,0,
81,0,1,0,1,0,1,0,1,0,1,0,1,0,81,0,0,0,0,0,0,0,
81,0,0,0,0,0,0,0,0,0,0,0,0,0,81,0,0,0,0,0,0,0,
81,81,81,81,81,81,81,81,81,81,81,81,81,81,81,0,0,0,0,0,0,0

